#linear stability F=tanh as a function of h
# C=1   l=1   tau = 1
#h  sin^2 k_-/2  sin^2 k_+/2    k_+
#
0.119 0.     0.00053    0.0459
0.12  0.     0.00193    0.088   
0.125 0.     0.0089     0.189
0.13  0.0    0.0158     0.25
0.14  0.0    0.0295     0.34
0.15  0.0    0.0429     0.42
0.2   0.0    0.105      0.66
0.25  0.     0.161      0.828 
0.3   0.     0.21       0.96
0.4   0.0    0.297      1.153
0.5   0.0    0.364      1.295
0.6   0.0    0.41564    1.401
0.7   0.     0.45       1.48
0.8   0.     0.48       1.53
