   0.00000000    
   9.99999978E-03
   1.99999996E-02
   2.99999993E-02
   3.99999991E-02
   5.00000007E-02
   5.99999987E-02
   7.00000003E-02
   7.99999982E-02
   9.00000036E-02
  0.100000001    
  0.109999999    
  0.119999997    
  0.129999995    
  0.140000001    
  0.150000006    
  0.159999996    
  0.170000002    
  0.180000007    
  0.189999998    
  0.200000003    
  0.209999993    
  0.219999999    
  0.230000004    
  0.239999995    
  0.250000000    
  0.259999990    
  0.270000011    
  0.280000001    
  0.289999992    
  0.300000012    
  0.310000002    
  0.319999993    
  0.330000013    
  0.340000004    
  0.349999994    
  0.360000014    
  0.370000005    
  0.379999995    
  0.389999986    
  0.400000006    
  0.409999996    
  0.419999987    
  0.430000007    
  0.439999998    
  0.449999988    
  0.460000008    
  0.469999999    
  0.479999989    
  0.490000010    
  0.500000000    
  0.509999990    
  0.519999981    
  0.529999971    
  0.540000021    
  0.550000012    
  0.560000002    
  0.569999993    
  0.579999983    
  0.589999974    
  0.600000024    
  0.610000014    
  0.620000005    
  0.629999995    
  0.639999986    
  0.649999976    
  0.660000026    
  0.670000017    
  0.680000007    
  0.689999998    
  0.699999988    
  0.709999979    
  0.720000029    
  0.730000019    
  0.740000010    
  0.750000000    
  0.759999990    
  0.769999981    
  0.779999971    
  0.790000021    
  0.800000012    
  0.810000002    
  0.819999993    
  0.829999983    
  0.839999974    
  0.850000024    
  0.860000014    
  0.870000005    
  0.879999995    
  0.889999986    
  0.899999976    
  0.910000026    
  0.920000017    
  0.930000007    
  0.939999998    
  0.949999988    
  0.959999979    
  0.970000029    
  0.980000019    
  0.990000010    
   1.00000000    
           1   4.99999989E-03           0   0.00000000    
           2   1.49999997E-02           0   0.00000000    
           3   2.49999985E-02           0   0.00000000    
           4   3.50000001E-02           0   0.00000000    
           5   4.50000018E-02           0   0.00000000    
           6   5.49999997E-02           0   0.00000000    
           7   6.49999976E-02           0   0.00000000    
           8   7.50000030E-02           0   0.00000000    
           9   8.50000009E-02           0   0.00000000    
          10   9.49999988E-02           0   0.00000000    
          11  0.105000004               0   0.00000000    
          12  0.114999995               0   0.00000000    
          13  0.125000000               0   0.00000000    
          14  0.134999990               0   0.00000000    
          15  0.145000011               0   0.00000000    
          16  0.155000001               0   0.00000000    
          17  0.164999992               0   0.00000000    
          18  0.175000012               0   0.00000000    
          19  0.185000002              31   3.09999995E-02
          20  0.194999993              15   1.49999997E-02
          21  0.204999998              14   1.40000004E-02
          22  0.215000004               7   7.00000022E-03
          23  0.224999994              10   9.99999978E-03
          24  0.234999999              18   1.79999992E-02
          25  0.245000005              10   9.99999978E-03
          26  0.254999995              12   1.20000001E-02
          27  0.264999986              13   1.30000003E-02
          28  0.275000006              12   1.20000001E-02
          29  0.284999996               6   6.00000005E-03
          30  0.295000017               6   6.00000005E-03
          31  0.305000007               7   7.00000022E-03
          32  0.314999998               9   8.99999961E-03
          33  0.324999988               5   4.99999989E-03
          34  0.335000008               7   7.00000022E-03
          35  0.344999999               9   8.99999961E-03
          36  0.355000019               6   6.00000005E-03
          37  0.365000010               5   4.99999989E-03
          38  0.375000000               5   4.99999989E-03
          39  0.384999990              10   9.99999978E-03
          40  0.394999981               7   7.00000022E-03
          41  0.405000001               3   3.00000003E-03
          42  0.414999992               7   7.00000022E-03
          43  0.425000012               7   7.00000022E-03
          44  0.435000002               3   3.00000003E-03
          45  0.444999993               1   1.00000005E-03
          46  0.454999983               5   4.99999989E-03
          47  0.465000004               8   8.00000038E-03
          48  0.474999994               9   8.99999961E-03
          49  0.485000014               7   7.00000022E-03
          50  0.495000005               4   4.00000019E-03
          51  0.504999995               5   4.99999989E-03
          52  0.514999986               3   3.00000003E-03
          53  0.524999976               8   8.00000038E-03
          54  0.534999967               5   4.99999989E-03
          55  0.545000017               8   8.00000038E-03
          56  0.555000007              11   1.09999999E-02
          57  0.564999998              20   1.99999996E-02
          58  0.574999988              14   1.40000004E-02
          59  0.584999979              21   2.09999997E-02
          60  0.595000029               8   8.00000038E-03
          61  0.605000019              11   1.09999999E-02
          62  0.615000010               9   8.99999961E-03
          63  0.625000000              13   1.30000003E-02
          64  0.634999990              12   1.20000001E-02
          65  0.644999981               9   8.99999961E-03
          66  0.654999971              13   1.30000003E-02
          67  0.665000021              12   1.20000001E-02
          68  0.675000012              13   1.30000003E-02
          69  0.685000002              16   1.60000008E-02
          70  0.694999993              10   9.99999978E-03
          71  0.704999983              17   1.70000009E-02
          72  0.715000033              17   1.70000009E-02
          73  0.725000024              16   1.60000008E-02
          74  0.735000014              18   1.79999992E-02
          75  0.745000005              17   1.70000009E-02
          76  0.754999995              16   1.60000008E-02
          77  0.764999986              16   1.60000008E-02
          78  0.774999976              16   1.60000008E-02
          79  0.784999967              14   1.40000004E-02
          80  0.795000017               9   8.99999961E-03
          81  0.805000007              12   1.20000001E-02
          82  0.814999998              14   1.40000004E-02
          83  0.824999988              21   2.09999997E-02
          84  0.834999979              13   1.30000003E-02
          85  0.845000029              15   1.49999997E-02
          86  0.855000019              21   2.09999997E-02
          87  0.865000010               8   8.00000038E-03
          88  0.875000000              17   1.70000009E-02
          89  0.884999990              21   2.09999997E-02
          90  0.894999981              18   1.79999992E-02
          91  0.904999971              23   2.30000000E-02
          92  0.915000021              20   1.99999996E-02
          93  0.925000012              42   4.19999994E-02
          94  0.935000002              37   3.70000005E-02
          95  0.944999993              63   6.30000010E-02
          96  0.954999983               0   0.00000000    
          97  0.965000033               0   0.00000000    
          98  0.975000024               0   0.00000000    
          99  0.985000014               0   0.00000000    
         100  0.995000005               0   0.00000000    
