 118  11    
     2
     2
     3
     2
     5
     2
     2
     3
     2
     1
     4
     7
     2
     2
     5
     2
     6
     2
     4
     2
     2
     2
     4
     3
     3
     2
     4
     2
     2
     4
     3
     5
     2
     4
     2
     2
     6
     3
     2
     4
     2
     3
     2
     2
     3
     3
     3
     2
     9
     2
     3
     2
     2
     5
     3
     5
     2
     2
     6
     3
     4
     4
     2
     3
     4
     4
     2
     4
     6
     5
     3
     2
     1
     2
     5
     2
     6
     2
     2
     7
     2
     3
     3
     2
     5
     2
     1
     2
     4
     2
     2
     6
     2
     5
     2
     5
     2
     2
     2
     8
     2
     2
     4
     3
     5
     3
     2
     2
     2
     4
     1
     1
     2
     2
     2
     1
     1
     2
