 #    0.256687462      0.925000012    
 #    0.256687462    
 #    0.263370574    
 #    0.270053715    
 #    0.276736826    
 #    0.283419967    
 #    0.290103078    
 #    0.296786219    
 #    0.303469330    
 #    0.310152471    
 #    0.316835582    
 #    0.323518723    
 #    0.330201834    
 #    0.336884975    
 #    0.343568087    
 #    0.350251228    
 #    0.356934339    
 #    0.363617480    
 #    0.370300591    
 #    0.376983732    
 #    0.383666843    
 #    0.390349984    
 #    0.397033095    
 #    0.403716207    
 #    0.410399348    
 #    0.417082489    
 #    0.423765600    
 #    0.430448711    
 #    0.437131852    
 #    0.443814993    
 #    0.450498104    
 #    0.457181215    
 #    0.463864356    
 #    0.470547497    
 #    0.477230608    
 #    0.483913720    
 #    0.490596861    
 #    0.497280002    
 #    0.503963113    
 #    0.510646224    
 #    0.517329335    
 #    0.524012446    
 #    0.530695617    
 #    0.537378728    
 #    0.544061899    
 #    0.550745010    
 #    0.557428122    
 #    0.564111233    
 #    0.570794344    
 #    0.577477455    
 #    0.584160626    
 #    0.590843737    
 #    0.597526908    
 #    0.604210019    
 #    0.610893130    
 #    0.617576241    
 #    0.624259353    
 #    0.630942464    
 #    0.637625635    
 #    0.644308746    
 #    0.650991917    
 #    0.657675028    
 #    0.664358139    
 #    0.671041250    
 #    0.677724361    
 #    0.684407473    
 #    0.691090584    
 #    0.697773755    
 #    0.704456866    
 #    0.711140037    
 #    0.717823148    
 #    0.724506259    
 #    0.731189370    
 #    0.737872481    
 #    0.744555593    
 #    0.751238763    
 #    0.757921875    
 #    0.764604986    
 #    0.771288157    
 #    0.777971268    
 #    0.784654379    
 #    0.791337490    
 #    0.798020661    
 #    0.804703772    
 #    0.811386883    
 #    0.818069994    
 #    0.824753165    
 #    0.831436276    
 #    0.838119388    
 #    0.844802499    
 #    0.851485670    
 #    0.858168781    
 #    0.864851892    
 #    0.871535003    
 #    0.878218174    
 #    0.884901285    
 #    0.891584396    
 #    0.898267508    
 #    0.904950619    
 #    0.911633790    
 #    0.918316901    
 #    0.925000012    
           1  0.260029018              30   2.99999993E-02
           2  0.266712129              21   2.09999997E-02
           3  0.273395270              12   1.20000001E-02
           4  0.280078411               9   8.99999961E-03
           5  0.286761522               8   8.00000038E-03
           6  0.293444633               3   3.00000003E-03
           7  0.300127774               8   8.00000038E-03
           8  0.306810915               8   8.00000038E-03
           9  0.313494027               7   7.00000022E-03
          10  0.320177138               3   3.00000003E-03
          11  0.326860279               5   4.99999989E-03
          12  0.333543420               5   4.99999989E-03
          13  0.340226531               9   8.99999961E-03
          14  0.346909642               6   6.00000005E-03
          15  0.353592783               9   8.99999961E-03
          16  0.360275924               2   2.00000009E-03
          17  0.366959035               3   3.00000003E-03
          18  0.373642147               2   2.00000009E-03
          19  0.380325288               5   4.99999989E-03
          20  0.387008429               2   2.00000009E-03
          21  0.393691540               4   4.00000019E-03
          22  0.400374651               1   1.00000005E-03
          23  0.407057762               4   4.00000019E-03
          24  0.413740933               6   6.00000005E-03
          25  0.420424044               3   3.00000003E-03
          26  0.427107155               3   3.00000003E-03
          27  0.433790267               5   4.99999989E-03
          28  0.440473437               5   4.99999989E-03
          29  0.447156549               4   4.00000019E-03
          30  0.453839660               3   3.00000003E-03
          31  0.460522771               7   7.00000022E-03
          32  0.467205942               1   1.00000005E-03
          33  0.473889053              10   9.99999978E-03
          34  0.480572164               5   4.99999989E-03
          35  0.487255275               3   3.00000003E-03
          36  0.493938446               3   3.00000003E-03
          37  0.500621557               4   4.00000019E-03
          38  0.507304668               3   3.00000003E-03
          39  0.513987780               4   4.00000019E-03
          40  0.520670891               9   8.99999961E-03
          41  0.527354002               9   8.99999961E-03
          42  0.534037173               4   4.00000019E-03
          43  0.540720344               6   6.00000005E-03
          44  0.547403455               5   4.99999989E-03
          45  0.554086566               2   2.00000009E-03
          46  0.560769677               5   4.99999989E-03
          47  0.567452788               6   6.00000005E-03
          48  0.574135900               5   4.99999989E-03
          49  0.580819011               5   4.99999989E-03
          50  0.587502182               9   8.99999961E-03
          51  0.594185352               8   8.00000038E-03
          52  0.600868464               4   4.00000019E-03
          53  0.607551575               4   4.00000019E-03
          54  0.614234686               3   3.00000003E-03
          55  0.620917797               7   7.00000022E-03
          56  0.627600908               8   8.00000038E-03
          57  0.634284019               8   8.00000038E-03
          58  0.640967190              11   1.09999999E-02
          59  0.647650361               6   6.00000005E-03
          60  0.654333472               2   2.00000009E-03
          61  0.661016583              12   1.20000001E-02
          62  0.667699695              10   9.99999978E-03
          63  0.674382806              10   9.99999978E-03
          64  0.681065917              15   1.49999997E-02
          65  0.687749028               7   7.00000022E-03
          66  0.694432139              14   1.40000004E-02
          67  0.701115310              14   1.40000004E-02
          68  0.707798481              23   2.30000000E-02
          69  0.714481592              26   2.60000005E-02
          70  0.721164703              27   2.70000007E-02
          71  0.727847815              10   9.99999978E-03
          72  0.734530926              12   1.20000001E-02
          73  0.741214037              15   1.49999997E-02
          74  0.747897148              27   2.70000007E-02
          75  0.754580319              21   2.09999997E-02
          76  0.761263430              19   1.89999994E-02
          77  0.767946601              17   1.70000009E-02
          78  0.774629712              12   1.20000001E-02
          79  0.781312823              21   2.09999997E-02
          80  0.787995934              10   9.99999978E-03
          81  0.794679046               8   8.00000038E-03
          82  0.801362216              17   1.70000009E-02
          83  0.808045328              13   1.30000003E-02
          84  0.814728439               9   8.99999961E-03
          85  0.821411610              13   1.30000003E-02
          86  0.828094721              17   1.70000009E-02
          87  0.834777832              10   9.99999978E-03
          88  0.841460943              10   9.99999978E-03
          89  0.848144054              16   1.60000008E-02
          90  0.854827225              10   9.99999978E-03
          91  0.861510336              12   1.20000001E-02
          92  0.868193448              10   9.99999978E-03
          93  0.874876618               9   8.99999961E-03
          94  0.881559730              11   1.09999999E-02
          95  0.888242841               5   4.99999989E-03
          96  0.894925952              26   2.60000005E-02
          97  0.901609063              11   1.09999999E-02
          98  0.908292174              23   2.30000000E-02
          99  0.914975345              20   1.99999996E-02
         100  0.921658456              65   6.49999976E-02
