           1  -3.2001218749999998       0.79987812500000000     
           2  -2.5603950010617020       0.63972687393829775     
           3  -2.0490419842847416       0.51135301677696066     
           4  -1.6410034973574508       0.40803848692729094     
           5  -1.3171052551724463       0.32389824218500446     
           6  -1.0640516711879087       0.25305358398453764     
           7 -0.87558039247220243       0.18847127871570626     
           8 -0.75354915045911286       0.12203124201308961     
           9 -0.69960208223527565        5.3947068223837165E-002
          10 -0.68992341500643872        9.6786672288368715E-003
          11 -0.68964415890515496        2.7925610128374200E-004
          12 -0.68964393256481982        2.2634033514713338E-007
          13 -0.68964393256467127        1.4856721151542465E-013
