           1   2.0000000000000000        4.0000000000000000        2.0000000000000000     
           2   3.0000000000000000        4.0000000000000000        1.0000000000000000     
           3   3.0000000000000000        3.5000000000000000       0.50000000000000000     
           4   3.0000000000000000        3.2500000000000000       0.25000000000000000     
           5   3.0000000000000000        3.1250000000000000       0.12500000000000000     
           6   3.0000000000000000        3.0625000000000000        6.2500000000000000E-002
           7   3.0000000000000000        3.0312500000000000        3.1250000000000000E-002
           8   3.0000000000000000        3.0156250000000000        1.5625000000000000E-002
           9   3.0000000000000000        3.0078125000000000        7.8125000000000000E-003
          10   3.0000000000000000        3.0039062500000000        3.9062500000000000E-003
          11   3.0019531250000000        3.0039062500000000        1.9531250000000000E-003
          12   3.0019531250000000        3.0029296875000000        9.7656250000000000E-004
          13   3.0024414062500000        3.0029296875000000        4.8828125000000000E-004
          14   3.0026855468750000        3.0029296875000000        2.4414062500000000E-004
          15   3.0028076171875000        3.0029296875000000        1.2207031250000000E-004
          16   3.0028686523437500        3.0029296875000000        6.1035156250000000E-005
          17   3.0028991699218750        3.0029296875000000        3.0517578125000000E-005
          18   3.0029144287109375        3.0029296875000000        1.5258789062500000E-005
          19   3.0029144287109375        3.0029220581054688        7.6293945312500000E-006
          20   3.0029144287109375        3.0029182434082031        3.8146972656250000E-006
          21   3.0029163360595703        3.0029182434082031        1.9073486328125000E-006
          22   3.0029172897338867        3.0029182434082031        9.5367431640625000E-007
          23   3.0029172897338867        3.0029177665710449        4.7683715820312500E-007
          24   3.0029172897338867        3.0029175281524658        2.3841857910156250E-007
          25   3.0029172897338867        3.0029174089431763        1.1920928955078125E-007
          26   3.0029173493385315        3.0029174089431763        5.9604644775390625E-008
          27   3.0029173493385315        3.0029173791408539        2.9802322387695312E-008
          28   3.0029173642396927        3.0029173791408539        1.4901161193847656E-008
          29   3.0029173642396927        3.0029173716902733        7.4505805969238281E-009
          30   3.0029173679649830        3.0029173716902733        3.7252902984619141E-009
          31   3.0029173679649830        3.0029173698276281        1.8626451492309570E-009
          32   3.0029173679649830        3.0029173688963056        9.3132257461547852E-010
          33   3.0029173684306443        3.0029173688963056        4.6566128730773926E-010
          34   3.0029173686634749        3.0029173688963056        2.3283064365386963E-010
          35   3.0029173686634749        3.0029173687798902        1.1641532182693481E-010
          36   3.0029173686634749        3.0029173687216826        5.8207660913467407E-011
          37   3.0029173686634749        3.0029173686925787        2.9103830456733704E-011
          38   3.0029173686634749        3.0029173686780268        1.4551915228366852E-011
          39   3.0029173686634749        3.0029173686707509        7.2759576141834259E-012
          40   3.0029173686634749        3.0029173686671129        3.6379788070917130E-012
          41   3.0029173686652939        3.0029173686671129        1.8189894035458565E-012
          42   3.0029173686662034        3.0029173686671129        9.0949470177292824E-013
          43   3.0029173686666581        3.0029173686671129        4.5474735088646412E-013
          44   3.0029173686668855        3.0029173686671129        2.2737367544323206E-013
          45   3.0029173686669992        3.0029173686671129        1.1368683772161603E-013
          46   3.0029173686670561        3.0029173686671129        5.6843418860808015E-014
          47   3.0029173686670845        3.0029173686671129        2.8421709430404007E-014
          48   3.0029173686670845        3.0029173686670987        1.4210854715202004E-014
          49   3.0029173686670845        3.0029173686670916        7.1054273576010019E-015
