 #    0.256687462      0.925000012    
 #     0.00000000    
 #     6.68312563E-03
 #     1.33662513E-02
 #     2.00493764E-02
 #     2.67325025E-02
 #     3.34156267E-02
 #     4.00987528E-02
 #     4.67818789E-02
 #     5.34650050E-02
 #     6.01481311E-02
 #     6.68312535E-02
 #     7.35143796E-02
 #     8.01975057E-02
 #     8.68806317E-02
 #     9.35637578E-02
 #    0.100246884    
 #    0.106930010    
 #    0.113613136    
 #    0.120296262    
 #    0.126979381    
 #    0.133662507    
 #    0.140345633    
 #    0.147028759    
 #    0.153711885    
 #    0.160395011    
 #    0.167078137    
 #    0.173761263    
 #    0.180444390    
 #    0.187127516    
 #    0.193810642    
 #    0.200493768    
 #    0.207176894    
 #    0.213860020    
 #    0.220543146    
 #    0.227226272    
 #    0.233909398    
 #    0.240592524    
 #    0.247275651    
 #    0.253958762    
 #    0.260641903    
 #    0.267325014    
 #    0.274008155    
 #    0.280691266    
 #    0.287374407    
 #    0.294057518    
 #    0.300740659    
 #    0.307423770    
 #    0.314106911    
 #    0.320790023    
 #    0.327473164    
 #    0.334156275    
 #    0.340839416    
 #    0.347522527    
 #    0.354205668    
 #    0.360888779    
 #    0.367571920    
 #    0.374255031    
 #    0.380938172    
 #    0.387621284    
 #    0.394304425    
 #    0.400987536    
 #    0.407670677    
 #    0.414353788    
 #    0.421036929    
 #    0.427720040    
 #    0.434403151    
 #    0.441086292    
 #    0.447769403    
 #    0.454452544    
 #    0.461135656    
 #    0.467818797    
 #    0.474501908    
 #    0.481185049    
 #    0.487868160    
 #    0.494551301    
 #    0.501234412    
 #    0.507917523    
 #    0.514600694    
 #    0.521283805    
 #    0.527966917    
 #    0.534650028    
 #    0.541333199    
 #    0.548016310    
 #    0.554699421    
 #    0.561382532    
 #    0.568065703    
 #    0.574748814    
 #    0.581431925    
 #    0.588115036    
 #    0.594798207    
 #    0.601481318    
 #    0.608164430    
 #    0.614847541    
 #    0.621530712    
 #    0.628213823    
 #    0.634896934    
 #    0.641580045    
 #    0.648263156    
 #    0.654946327    
 #    0.661629438    
 #    0.668312550    
           1   3.34156281E-03           0   0.00000000    
           2   1.00246882E-02           0   0.00000000    
           3   1.67078134E-02           0   0.00000000    
           4   2.33909395E-02           0   0.00000000    
           5   3.00740637E-02           0   0.00000000    
           6   3.67571898E-02           0   0.00000000    
           7   4.34403159E-02           0   0.00000000    
           8   5.01234420E-02           0   0.00000000    
           9   5.68065681E-02           0   0.00000000    
          10   6.34896904E-02           0   0.00000000    
          11   7.01728165E-02           0   0.00000000    
          12   7.68559426E-02           0   0.00000000    
          13   8.35390687E-02           0   0.00000000    
          14   9.02221948E-02           0   0.00000000    
          15   9.69053209E-02           0   0.00000000    
          16  0.103588447               0   0.00000000    
          17  0.110271573               0   0.00000000    
          18  0.116954699               0   0.00000000    
          19  0.123637825               0   0.00000000    
          20  0.130320936               0   0.00000000    
          21  0.137004077               0   0.00000000    
          22  0.143687189               0   0.00000000    
          23  0.150370330               0   0.00000000    
          24  0.157053441               0   0.00000000    
          25  0.163736582               0   0.00000000    
          26  0.170419693               0   0.00000000    
          27  0.177102834               0   0.00000000    
          28  0.183785945               0   0.00000000    
          29  0.190469086               0   0.00000000    
          30  0.197152197               0   0.00000000    
          31  0.203835338               0   0.00000000    
          32  0.210518450               0   0.00000000    
          33  0.217201591               0   0.00000000    
          34  0.223884702               0   0.00000000    
          35  0.230567843               0   0.00000000    
          36  0.237250954               0   0.00000000    
          37  0.243934095               0   0.00000000    
          38  0.250617206               0   0.00000000    
          39  0.257300317             211   2.10999995E-02
          40  0.263983458             213   2.12999992E-02
          41  0.270666599             140   1.40000004E-02
          42  0.277349710             105   1.04999999E-02
          43  0.284032822              81   8.10000021E-03
          44  0.290715963              67   6.69999979E-03
          45  0.297399104              79   7.89999962E-03
          46  0.304082215              62   6.20000018E-03
          47  0.310765326              52   5.20000001E-03
          48  0.317448467              59   5.90000022E-03
          49  0.324131608              67   6.69999979E-03
          50  0.330814719              60   6.00000005E-03
          51  0.337497830              47   4.69999993E-03
          52  0.344180971              54   5.40000014E-03
          53  0.350864112              44   4.39999998E-03
          54  0.357547224              54   5.40000014E-03
          55  0.364230335              42   4.19999985E-03
          56  0.370913476              46   4.60000010E-03
          57  0.377596617              45   4.49999981E-03
          58  0.384279728              39   3.89999989E-03
          59  0.390962839              22   2.19999999E-03
          60  0.397645980              51   5.10000018E-03
          61  0.404329121              36   3.59999994E-03
          62  0.411012232              25   2.49999994E-03
          63  0.417695343              33   3.29999998E-03
          64  0.424378484              47   4.69999993E-03
          65  0.431061596              38   3.80000006E-03
          66  0.437744737              38   3.80000006E-03
          67  0.444427848              43   4.30000015E-03
          68  0.451110959              33   3.29999998E-03
          69  0.457794100              34   3.40000005E-03
          70  0.464477241              53   5.29999984E-03
          71  0.471160352              32   3.19999992E-03
          72  0.477843463              35   3.50000011E-03
          73  0.484526604              28   2.79999990E-03
          74  0.491209745              41   4.10000002E-03
          75  0.497892857              39   3.89999989E-03
          76  0.504575968              38   3.80000006E-03
          77  0.511259079              44   4.39999998E-03
          78  0.517942250              78   7.79999979E-03
          79  0.524625361              75   7.49999983E-03
          80  0.531308472              65   6.50000013E-03
          81  0.537991643              62   6.20000018E-03
          82  0.544674754              57   5.70000010E-03
          83  0.551357865              63   6.30000001E-03
          84  0.558040977              52   5.20000001E-03
          85  0.564724088              55   5.49999997E-03
          86  0.571407259              39   3.89999989E-03
          87  0.578090370              71   7.10000005E-03
          88  0.584773481              64   6.39999984E-03
          89  0.591456652              70   7.00000022E-03
          90  0.598139763              57   5.70000010E-03
          91  0.604822874              49   4.90000006E-03
          92  0.611505985              60   6.00000005E-03
          93  0.618189096              37   3.70000000E-03
          94  0.624872267              60   6.00000005E-03
          95  0.631555378              51   5.10000018E-03
          96  0.638238490              65   6.50000013E-03
          97  0.644921601              40   4.00000019E-03
          98  0.651604772              60   6.00000005E-03
          99  0.658287883             134   1.33999996E-02
         100  0.664970994             125   1.25000002E-02
