 #     9.50935483E-02  0.974991620    
 #     0.00000000    
 #     8.79898109E-03
 #     1.75979622E-02
 #     2.63969433E-02
 #     3.51959243E-02
 #     4.39949036E-02
 #     5.27938865E-02
 #     6.15928695E-02
 #     7.03918487E-02
 #     7.91908279E-02
 #     8.79898071E-02
 #     9.67887938E-02
 #    0.105587773    
 #    0.114386752    
 #    0.123185739    
 #    0.131984711    
 #    0.140783697    
 #    0.149582684    
 #    0.158381656    
 #    0.167180642    
 #    0.175979614    
 #    0.184778601    
 #    0.193577588    
 #    0.202376559    
 #    0.211175546    
 #    0.219974533    
 #    0.228773504    
 #    0.237572491    
 #    0.246371478    
 #    0.255170465    
 #    0.263969421    
 #    0.272768408    
 #    0.281567395    
 #    0.290366381    
 #    0.299165368    
 #    0.307964325    
 #    0.316763312    
 #    0.325562298    
 #    0.334361285    
 #    0.343160272    
 #    0.351959229    
 #    0.360758215    
 #    0.369557202    
 #    0.378356189    
 #    0.387155175    
 #    0.395954162    
 #    0.404753119    
 #    0.413552105    
 #    0.422351092    
 #    0.431150079    
 #    0.439949065    
 #    0.448748022    
 #    0.457547009    
 #    0.466345996    
 #    0.475144982    
 #    0.483943969    
 #    0.492742956    
 #    0.501541913    
 #    0.510340929    
 #    0.519139886    
 #    0.527938843    
 #    0.536737859    
 #    0.545536816    
 #    0.554335833    
 #    0.563134789    
 #    0.571933746    
 #    0.580732763    
 #    0.589531720    
 #    0.598330736    
 #    0.607129693    
 #    0.615928650    
 #    0.624727666    
 #    0.633526623    
 #    0.642325640    
 #    0.651124597    
 #    0.659923553    
 #    0.668722570    
 #    0.677521527    
 #    0.686320543    
 #    0.695119500    
 #    0.703918457    
 #    0.712717474    
 #    0.721516430    
 #    0.730315447    
 #    0.739114404    
 #    0.747913420    
 #    0.756712377    
 #    0.765511334    
 #    0.774310350    
 #    0.783109307    
 #    0.791908324    
 #    0.800707281    
 #    0.809506238    
 #    0.818305254    
 #    0.827104211    
 #    0.835903227    
 #    0.844702184    
 #    0.853501141    
 #    0.862300158    
 #    0.871099114    
 #    0.879898131    
           1   4.39949054E-03           0   0.00000000    
           2   1.31984716E-02           0   0.00000000    
           3   2.19974518E-02           0   0.00000000    
           4   3.07964347E-02           0   0.00000000    
           5   3.95954140E-02           0   0.00000000    
           6   4.83943969E-02           0   0.00000000    
           7   5.71933761E-02           0   0.00000000    
           8   6.59923553E-02           0   0.00000000    
           9   7.47913420E-02           0   0.00000000    
          10   8.35903138E-02           0   0.00000000    
          11   9.23893005E-02          16   1.60000008E-02
          12  0.101188287              27   2.70000007E-02
          13  0.109987259              13   1.30000003E-02
          14  0.118786246              10   9.99999978E-03
          15  0.127585232              11   1.09999999E-02
          16  0.136384204               6   6.00000005E-03
          17  0.145183191              11   1.09999999E-02
          18  0.153982162              10   9.99999978E-03
          19  0.162781149               5   4.99999989E-03
          20  0.171580136              11   1.09999999E-02
          21  0.180379108              11   1.09999999E-02
          22  0.189178094               8   8.00000038E-03
          23  0.197977066              12   1.20000001E-02
          24  0.206776053               5   4.99999989E-03
          25  0.215575039              10   9.99999978E-03
          26  0.224374026               9   8.99999961E-03
          27  0.233172998               4   4.00000019E-03
          28  0.241971985               2   2.00000009E-03
          29  0.250770986               6   6.00000005E-03
          30  0.259569943               4   4.00000019E-03
          31  0.268368900               7   7.00000022E-03
          32  0.277167916               5   4.99999989E-03
          33  0.285966873               5   4.99999989E-03
          34  0.294765890               4   4.00000019E-03
          35  0.303564847               5   4.99999989E-03
          36  0.312363803               8   8.00000038E-03
          37  0.321162820               7   7.00000022E-03
          38  0.329961777               6   6.00000005E-03
          39  0.338760793              23   2.30000000E-02
          40  0.347559750              12   1.20000001E-02
          41  0.356358707              14   1.40000004E-02
          42  0.365157723               6   6.00000005E-03
          43  0.373956680              11   1.09999999E-02
          44  0.382755697              10   9.99999978E-03
          45  0.391554654               8   8.00000038E-03
          46  0.400353640               8   8.00000038E-03
          47  0.409152627              17   1.70000009E-02
          48  0.417951584              10   9.99999978E-03
          49  0.426750600              13   1.30000003E-02
          50  0.435549557              10   9.99999978E-03
          51  0.444348544               7   7.00000022E-03
          52  0.453147531               4   4.00000019E-03
          53  0.461946487               8   8.00000038E-03
          54  0.470745504               5   4.99999989E-03
          55  0.479544461               7   7.00000022E-03
          56  0.488343477               6   6.00000005E-03
          57  0.497142434               7   7.00000022E-03
          58  0.505941391               7   7.00000022E-03
          59  0.514740407              11   1.09999999E-02
          60  0.523539364               4   4.00000019E-03
          61  0.532338381               6   6.00000005E-03
          62  0.541137338               6   6.00000005E-03
          63  0.549936295              10   9.99999978E-03
          64  0.558735311               5   4.99999989E-03
          65  0.567534268               4   4.00000019E-03
          66  0.576333284               6   6.00000005E-03
          67  0.585132241              12   1.20000001E-02
          68  0.593931198               6   6.00000005E-03
          69  0.602730215               4   4.00000019E-03
          70  0.611529171               6   6.00000005E-03
          71  0.620328188               6   6.00000005E-03
          72  0.629127145               9   8.99999961E-03
          73  0.637926102               4   4.00000019E-03
          74  0.646725118               5   4.99999989E-03
          75  0.655524075              11   1.09999999E-02
          76  0.664323092               4   4.00000019E-03
          77  0.673122048               6   6.00000005E-03
          78  0.681921005               6   6.00000005E-03
          79  0.690720022               7   7.00000022E-03
          80  0.699518979               7   7.00000022E-03
          81  0.708317995               3   3.00000003E-03
          82  0.717116952               3   3.00000003E-03
          83  0.725915909               3   3.00000003E-03
          84  0.734714925               8   8.00000038E-03
          85  0.743513942               2   2.00000009E-03
          86  0.752312899               6   6.00000005E-03
          87  0.761111856               9   8.99999961E-03
          88  0.769910812               6   6.00000005E-03
          89  0.778709829               1   1.00000005E-03
          90  0.787508845               9   8.99999961E-03
          91  0.796307802               3   3.00000003E-03
          92  0.805106759               5   4.99999989E-03
          93  0.813905716               9   8.99999961E-03
          94  0.822704732               3   3.00000003E-03
          95  0.831503749              11   1.09999999E-02
          96  0.840302706              11   1.09999999E-02
          97  0.849101663               9   8.99999961E-03
          98  0.857900620               8   8.00000038E-03
          99  0.866699636              14   1.40000004E-02
         100  0.875498652              21   2.09999997E-02
