        1000   100
  0.624000013    
  0.915033638    
  0.303213596    
  0.823972940    
  0.565661967    
  0.958185136    
  0.156258881    
  0.514183939    
  0.974215448    
   9.79668722E-02
  0.344640523    
  0.880867481    
  0.409265876    
  0.942892551    
  0.210000142    
  0.647010326    
  0.890713036    
  0.379638970    
  0.918501616    
  0.291939974    
  0.806173027    
  0.609406531    
  0.928317904    
  0.259520739    
  0.749461889    
  0.732298195    
  0.764546454    
  0.702059150    
  0.815771163    
  0.586125433    
  0.946071386    
  0.198979244    
  0.621607363    
  0.917325437    
  0.295773983    
  0.812337756    
  0.594536006    
  0.940145552    
  0.219460398    
  0.668060422    
  0.864847183    
  0.455857486    
  0.967400551    
  0.122993231    
  0.420677006    
  0.950460672    
  0.183632210    
  0.584654570    
  0.947051048    
  0.195566908    
  0.613549948    
  0.924715042    
  0.271506816    
  0.771384418    
  0.687766969    
  0.837499917    
  0.530765831    
  0.971308529    
  0.108686253    
  0.377806872    
  0.916768432    
  0.297585905    
  0.815211296    
  0.587503195    
  0.945138514    
  0.202221647    
  0.629179418    
  0.909919441    
  0.319667608    
  0.848172963    
  0.502224803    
  0.974980712    
   9.51339677E-02
  0.335725665    
  0.869754374    
  0.441798657    
  0.961789131    
  0.143328115    
  0.478862166    
  0.973257482    
  0.101506695    
  0.355692029    
  0.893783331    
  0.370245278    
  0.909338474    
  0.321523845    
  0.850770473    
  0.495144278    
  0.974908113    
   9.54029039E-02
  0.336574644    
  0.870839357    
  0.438664883    
  0.960328221    
  0.148581937    
  0.493370861    
  0.974828601    
   9.56974253E-02
  0.337503791    
  0.872020483    
  0.435242951    
  0.958645463    
  0.154612929    
  0.509760320    
  0.974628448    
   9.64385644E-02
  0.339838862    
  0.874958813    
  0.426682979    
  0.954036117    
  0.171019703    
  0.552910686    
  0.964081824    
  0.135049433    
  0.455563217    
  0.967298985    
  0.123363473    
  0.421765208    
  0.951129377    
  0.181280926    
  0.578830779    
  0.950764298    
  0.182565033    
  0.582016706    
  0.948765755    
  0.189576268    
  0.599184752    
  0.936633348    
  0.231470153    
  0.693777740    
  0.828555763    
  0.553999364    
  0.963627875    
  0.136691868    
  0.460228086    
  0.968831003    
  0.117770217    
  0.405211538    
  0.939959049    
  0.220100537    
  0.669459581    
  0.863005519    
  0.461085290    
  0.969093978    
  0.116808280    
  0.402340025    
  0.937803864    
  0.227478340    
  0.685354590    
  0.841010392    
  0.521476448    
  0.973201156    
  0.101714596    
  0.356338084    
  0.894508898    
  0.368014663    
  0.907061458    
  0.328773797    
  0.860658228    
  0.467710018    
  0.970933735    
  0.110063523    
  0.382003218    
  0.920699418    
  0.284746796    
  0.794297636    
  0.637216747    
  0.901569128    
  0.346094728    
  0.882621348    
  0.404043525    
  0.939090133    
  0.223079428    
  0.675928473    
  0.854291797    
  0.485461563    
  0.974175632    
   9.81141403E-02
  0.345102251    
  0.881426156    
  0.407604933    
  0.941706359    
  0.214092419    
  0.656201720    
  0.879844010    
  0.412302256    
  0.945005536    
  0.202683285    
  0.630250812    
  0.908835471    
  0.323128879    
  0.852994800    
  0.489039212    
  0.974531591    
   9.67971012E-02
  0.340966940    
  0.876363099    
  0.422568202    
  0.951616824    
  0.179564759    
  0.574552894    
  0.953323245    
  0.173542351    
  0.559359074    
  0.961258352    
  0.145238861    
  0.484163702    
  0.974021912    
   9.86825898E-02
  0.346882910    
  0.883565128    
  0.401223391    
  0.936948419    
  0.230396718    
  0.691524863    
  0.831941128    
  0.545278847    
  0.967004359    
  0.124437019    
  0.424914539    
  0.953012466    
  0.174640849    
  0.562151611    
  0.959935069    
  0.149992958    
  0.497230798    
  0.974970162    
   9.51730460E-02
  0.335849047    
  0.869912446    
  0.441342682    
  0.961581290    
  0.144076586    
  0.480942249    
  0.973583579    
  0.100302517    
  0.351943523    
  0.889509261    
  0.383301884    
  0.921888053    
  0.280840844    
  0.787680149    
  0.652236521    
  0.884613752    
  0.398081809    
  0.934489548    
  0.238753453    
  0.708826005    
  0.804927647    
  0.612374604    
  0.925750673    
  0.268071830    
  0.765216351    
  0.700675130    
  0.817945063    
  0.580752671    
  0.949568152    
  0.186765060    
  0.592347145    
  0.941740870    
  0.213973522    
  0.655936539    
  0.880166888    
  0.411345243    
  0.944347322    
  0.204966277    
  0.635524869    
  0.903368771    
  0.340445191    
  0.875714898    
  0.424469441    
  0.952751040    
  0.175564334    
  0.564491808    
  0.958779156    
  0.154134572    
  0.508470714    
  0.974720180    
   9.60989296E-02
  0.338769346    
  0.873618305    
  0.430596501    
  0.956214368    
  0.163286954    
  0.532834888    
  0.970795333    
  0.110571839    
  0.383548260    
  0.922112107    
  0.280103356    
  0.786417305    
  0.655063987    
  0.881225169    
  0.408202767    
  0.942135751    
  0.212612316    
  0.652892470    
  0.883833170    
  0.400421202    
  0.936327875    
  0.232510149    
  0.695951819    
  0.825251281    
  0.562425256    
  0.959802091    
  0.150469944    
  0.498532116    
  0.974991620    
   9.50935483E-02
  0.335597992    
  0.869590700    
  0.442270607    
  0.962002516    
  0.142559335    
  0.476721048    
  0.972886562    
  0.102875367    
  0.359938920    
  0.898493350    
  0.355691910    
  0.893783212    
  0.370245665    
  0.909338892    
  0.321522534    
  0.850768626    
  0.495149344    
  0.974908173    
   9.54026878E-02
  0.336573958    
  0.870838583    
  0.438667119    
  0.960329354    
  0.148577854    
  0.493359655    
  0.974828005    
   9.56996307E-02
  0.337510765    
  0.872029305    
  0.435217381    
  0.958632588    
  0.154658988    
  0.509884417    
  0.974618971    
   9.64736491E-02
  0.339949280    
  0.875096738    
  0.426279515    
  0.953804612    
  0.171839371    
  0.555011392    
  0.963197708    
  0.138246745    
  0.464624882    
  0.970119596    
  0.113051511    
  0.391056359    
  0.928712010    
  0.258203447    
  0.746984243    
  0.737095237    
  0.755764842    
  0.719878972    
  0.786447644    
  0.654996216    
  0.881307125    
  0.407959014    
  0.941961110    
  0.213214472    
  0.654240847    
  0.882218122    
  0.405246288    
  0.939984798    
  0.220012173    
  0.669266582    
  0.863260448    
  0.460363239    
  0.968872786    
  0.117617421    
  0.404755920    
  0.939621329    
  0.221259043    
  0.671983540    
  0.859644532    
  0.470557660    
  0.971619248    
  0.107543617    
  0.374314189    
  0.913392067    
  0.308517307    
  0.832004070    
  0.545115888    
  0.967061818    
  0.124227710    
  0.424301237    
  0.952651799    
  0.175914764    
  0.565378189    
  0.958330154    
  0.155740544    
  0.512793183    
  0.974361718    
   9.74257439E-02
  0.342942476    
  0.878798425    
  0.415395856    
  0.947084367    
  0.195450723    
  0.613273978    
  0.924959123    
  0.270698011    
  0.769940317    
  0.690815687    
  0.832998574    
  0.542536616    
  0.967943549    
  0.121012457    
  0.414836943    
  0.946714342    
  0.196740568    
  0.616331518    
  0.922221243    
  0.279743969    
  0.785800397    
  0.656440735    
  0.879552543    
  0.413165480    
  0.945593178    
  0.200642213    
  0.625501215    
  0.913572848    
  0.307934254    
  0.831131876    
  0.547371566    
  0.966248155    
  0.127189368    
  0.432947725    
  0.957465529    
  0.158828631    
  0.521048188    
  0.973272264    
  0.101452120    
  0.355522394    
  0.893592238    
  0.370832115    
  0.909931123    
  0.319630265    
  0.848120391    
  0.502367556    
  0.974978149    
   9.51434597E-02
  0.335755616    
  0.869792819    
  0.441687763    
  0.961738825    
  0.143509313    
  0.479366153    
  0.973339498    
  0.101203911    
  0.354750544    
  0.892720163    
  0.373506397    
  0.912597477    
  0.311076969    
  0.835801542    
  0.535225570    
  0.970160723    
  0.112900689    
  0.390601099    
  0.928324342    
  0.259499222    
  0.749421597    
  0.732376575    
  0.764404416    
  0.702352226    
  0.815308928    
  0.587263107    
  0.945302069    
  0.201653674    
  0.627858996    
  0.911243141    
  0.315428406    
  0.842140079    
  0.518466651    
  0.973670125    
   9.99827981E-02
  0.350946337    
  0.888353765    
  0.386807293    
  0.925030887    
  0.270460099    
  0.769514620    
  0.691711307    
  0.831662476    
  0.546000004    
  0.966747582    
  0.125372112    
  0.427650392    
  0.954585612    
  0.169072494    
  0.547899246    
  0.966052175    
  0.127901956    
  0.435017884    
  0.958531618    
  0.155020148    
  0.510856748    
  0.974540353    
   9.67646763E-02
  0.340864986    
  0.876236558    
  0.422939599    
  0.951840639    
  0.178776145    
  0.572579443    
  0.954455674    
  0.169533163    
  0.549087584    
  0.965602577    
  0.129535541    
  0.439748764    
  0.960842192    
  0.146735460    
  0.488296270    
  0.974465847    
   9.70404297E-02
  0.341731995    
  0.877309859    
  0.419785380    
  0.949905932    
  0.185580149    
  0.589446604    
  0.943797290    
  0.206871465    
  0.639895141    
  0.898674488    
  0.355128765    
  0.893148124    
  0.372194767    
  0.911296725    
  0.315256536    
  0.841892481    
  0.519127190    
  0.973573148    
  0.100341044    
  0.352063626    
  0.889647841    
  0.382880777    
  0.921504021    
  0.282104015    
  0.789833248    
  0.647387087    
  0.890280485    
  0.380956471    
  0.919731736    
  0.287918568    
  0.799583793    
  0.624973297    
  0.914088488    
  0.306269825    
  0.828627586    
  0.553815246    
  0.963705301    
  0.136411831    
  0.459434211    
  0.968582273    
  0.118679553    
  0.407919437    
  0.941932678    
  0.213312477    
  0.654460013    
  0.881954253    
  0.406032711    
  0.940563619    
  0.218024418    
  0.664910078    
  0.868938267    
  0.444149762    
  0.962835014    
  0.139556631    
  0.468314260    
  0.971084416    
  0.109509945    
  0.380318314    
  0.919137597    
  0.289862335    
  0.802784443    
  0.617454171    
  0.921197653    
  0.283110887    
  0.791540623    
  0.643515885    
  0.894672453    
  0.367511272    
  0.906542242    
  0.330421299    
  0.862847924    
  0.461531430    
  0.969228745    
  0.116315104    
  0.400865018    
  0.936671793    
  0.231339216    
  0.693503439    
  0.828970075    
  0.552936912    
  0.964071035    
  0.135088488    
  0.455674380    
  0.967337430    
  0.123223342    
  0.421353459    
  0.950877428    
  0.182167217    
  0.581031024    
  0.949392498    
  0.187380895    
  0.593850255    
  0.940649271    
  0.217730060    
  0.664262414    
  0.869769633    
  0.441754669    
  0.961769164    
  0.143400043    
  0.479062229    
  0.973290384    
  0.101385236    
  0.355314463    
  0.893357754    
  0.371551752    
  0.910654128    
  0.317316443    
  0.844844282    
  0.511221468    
  0.974508941    
   9.68809351E-02
  0.341230601    
  0.876689851    
  0.421608567    
  0.951033652    
  0.181617722    
  0.579667628    
  0.950246990    
  0.184382841    
  0.586504638    
  0.945816100    
  0.199867219    
  0.623689234    
  0.915333807    
  0.302241534    
  0.822477221    
  0.569432914    
  0.956198394    
  0.163343802    
  0.532984197    
  0.970756948    
  0.110712796    
  0.383976370    
  0.922500312    
  0.278824598    
  0.784217656    
  0.659959316    
  0.875210762    
  0.425945848    
  0.953612328    
  0.172519833    
  0.556751311    
  0.962439299    
  0.140984595    
  0.472320944    
  0.972012162    
  0.106097624    
  0.369879603    
  0.908967912    
  0.322706491    
  0.852411389    
  0.490644246    
  0.974658728    
   9.63264629E-02
  0.339485943    
  0.874517441    
  0.427973092    
  0.954767287    
  0.168428198    
  0.546234608    
  0.966663241    
  0.125679135    
  0.428547174    
  0.955088615    
  0.167287976    
  0.543280602    
  0.967694521    
  0.121921159    
  0.417519927    
  0.948468447    
  0.190616608    
  0.601699531    
  0.934663117    
  0.238165110    
  0.707625747    
  0.806877077    
  0.607723236    
  0.929743290    
  0.254750758    
  0.740426004    
  0.749561846    
  0.732103646    
  0.764898837    
  0.701331556    
  0.816915929    
  0.583300769    
  0.947937846    
  0.192471579    
  0.606162488    
  0.931045175    
  0.250380248    
  0.731990933    
  0.765102804    
  0.700909972    
  0.817577183    
  0.581664503    
  0.948990524    
  0.188789293    
  0.597276807    
  0.938095152    
  0.226483300    
  0.683235586    
  0.844056368    
  0.513338327    
  0.974306226    
   9.76310596E-02
  0.343587041    
  0.879586518    
  0.413064897    
  0.945524931    
  0.200879395    
  0.626054823    
  0.913029730    
  0.309685141    
  0.833743095    
  0.540600657    
  0.968571246    
  0.118719853    
  0.408039272    
  0.942018569    
  0.213016391    
  0.653797626    
  0.882750571    
  0.403657824    
  0.938800991    
  0.224069402    
  0.678062975    
  0.851344943    
  0.493571252    
  0.974838793    
   9.56596732E-02
  0.337384731    
  0.871869504    
  0.435680985    
  0.958866000    
  0.153823778    
  0.507631898    
  0.974772871    
   9.59038138E-02
  0.338154495    
  0.872843564    
  0.432851940    
  0.957415521    
  0.159007058    
  0.521522880    
  0.973193467    
  0.101742975    
  0.356426239    
  0.894607663    
  0.367710710    
  0.906748235    
  0.329767913    
  0.861982048    
  0.463979095    
  0.969939649    
  0.113711230    
  0.393045872    
  0.930387199    
  0.252590775    
  0.736275852    
  0.757277548    
  0.716852248    
  0.791602969    
  0.643374085    
  0.894831181    
  0.367022544    
  0.906036317    
  0.332024574    
  0.864958644    
  0.455540240    
  0.967291057    
  0.123392366    
  0.421850115    
  0.951181233    
  0.181098431    
  0.578377008    
  0.951042473    
  0.181586683    
  0.579590559    
  0.950294852    
  0.184214741    
  0.586090744    
  0.946094751    
  0.198897943    
  0.621416450    
  0.917506397    
  0.295184791    
  0.811397851    
  0.596822381    
  0.938439190    
  0.225307196    
  0.680721104    
  0.847625554    
  0.503710270    
  0.974946380    
   9.52611566E-02
  0.336127251    
  0.870268285    
  0.440315455    
  0.961107194    
  0.145782605    
  0.485667199    
  0.974198759    
   9.80286002E-02
  0.344834089    
  0.881101787    
  0.408569574    
  0.942397833    
  0.211708218    
  0.650862634    
  0.886237860    
  0.393199235    
  0.930515110    
  0.252161294    
  0.735446334    
  0.758803606    
  0.713780701    
  0.796761513    
  0.631537139    
  0.907522142    
  0.327310264    
  0.858695269    
  0.473217040    
  0.972202480    
  0.105396792    
  0.367724389    
  0.906762362    
  0.329723090    
  0.861922443    
  0.464147389    
  0.969986916    
  0.113537967    
  0.392523676    
  0.929950595    
  0.254055709    
  0.739094496    
  0.752051950    
  0.727232277    
  0.773625433    
  0.683003604    
  0.844387770    
  0.512448549    
  0.974395633    
   9.73002538E-02
  0.342548400    
  0.878315151    
  0.416822821    
  0.948018134    
  0.192191035    
  0.605489194    
  0.931600988    
  0.248510301    
  0.728336453    
  0.771663666    
  0.687175512    
  0.838364780    
  0.528486192    
  0.971835315    
  0.106748596    
  0.371877998    
  0.910980463    
  0.316270739    
  0.843349934    
  0.515232205    
  0.974095106    
   9.84119400E-02
  0.346035451    
  0.882550180    
  0.404255927    
  0.939249039    
  0.222535104    
  0.674751580    
  0.855901361    
  0.481003463    
  0.973592639    
  0.100269049    
  0.351839155    
  0.889388561    
  0.383668542    
  0.922221303    
  0.279743791    
  0.785800099    
  0.656441391    
  0.879551768    
  0.413167804    
  0.945594609    
  0.200637236    
  0.625489593    
  0.913584232    
  0.307897508    
  0.831076860    
  0.547513664    
  0.966195524    
  0.127380773    
  0.433504134    
  0.957755446    
  0.157793820    
  0.518290222    
  0.973695397    
   9.98894200E-02
  0.350654960    
  0.888014674    
  0.387834013    
  0.925933361    
  0.267465025    
  0.764117241    
  0.702944100    
  0.814373434    
  0.589560449    
  0.943717897    
  0.207146272    
  0.640523136    
  0.897987664    
  0.357262701    
  0.895541668    
  0.364832491    
  0.903746009    
  0.339257747    
  0.874231577    
  0.428807855    
  0.955233574    
  0.166773334    
  0.541943967    
  0.968138695    
  0.120300040    
  0.412728965    
  0.945296705    
  0.201672301    
  0.627902269    
  0.911199987    
  0.315566838    
  0.842339218    
  0.517935097    
  0.973745465    
   9.97044146E-02
  0.350077450    
  0.887340605    
  0.389872313    
  0.927700400    
  0.261582255    
  0.753312230    
  0.724748373    
  0.778003871    
  0.673584044    
  0.857487500    
  0.476590484    
  0.972862720    
  0.102963306    
  0.360211283    
  0.898790598    
  0.354767621    
  0.892739534    
  0.373447061    
  0.912539005    
  0.311265141    
  0.836078763    
  0.534499168    
  0.970358253    
  0.112176150    
  0.388411373    
  0.926437080    
  0.265790522    
  0.761069119    
  0.709187388    
  0.804338515    
  0.613774478    
  0.924516022    
  0.272165984    
  0.772557497    
  0.685278416    
  0.841120481    
  0.521183610    
  0.973249912    
  0.101534635    
  0.355778903    
