        1000   100
  0.592000008    
  0.893683255    
  0.351549923    
  0.843461573    
  0.488526344    
  0.924512923    
  0.258218497    
  0.708704293    
  0.763837337    
  0.667442441    
  0.821263194    
  0.543122888    
  0.918119490    
  0.278151542    
  0.742898107    
  0.706701875    
  0.766915023    
  0.661398590    
  0.828616858    
  0.525440574    
  0.922605276    
  0.264197677    
  0.719269872    
  0.747106671    
  0.699071646    
  0.778370738    
  0.638285995    
  0.854244828    
  0.460689217    
  0.919282317    
  0.274548650    
  0.736935258    
  0.717288256    
  0.750307560    
  0.693180680    
  0.786920547    
  0.620403409    
  0.871361196    
  0.414736181    
  0.898101330    
  0.338606715    
  0.828623116    
  0.525425315    
  0.922608137    
  0.264188737    
  0.719254255    
  0.747132063    
  0.699025214    
  0.778439164    
  0.638145030    
  0.854389071    
  0.460311025    
  0.919171691    
  0.274891853    
  0.737507403    
  0.716283858    
  0.751918733    
  0.690186679    
  0.791167378    
  0.611319780    
  0.879149258    
  0.393109590    
  0.882725477    
  0.383028477    
  0.874375284    
  0.406419635    
  0.892598093    
  0.354706943    
  0.846892774    
  0.479761988    
  0.923484623    
  0.261444867    
  0.714438379    
  0.754859924    
  0.684671760    
  0.798816502    
  0.594622195    
  0.891872585    
  0.356812745    
  0.849140406    
  0.473973602    
  0.922493696    
  0.264546573    
  0.719878256    
  0.746118188    
  0.700875580    
  0.775701344    
  0.643758476    
  0.848533988    
  0.475538999    
  0.922786176    
  0.263631850    
  0.718281388    
  0.748706996    
  0.696135879    
  0.782663643    
  0.629374683    
  0.863070190    
  0.437266171    
  0.910438538    
  0.301698774    
  0.779503465    
  0.635947943    
  0.856617153    
  0.454449564    
  0.917323112    
  0.280613273    
  0.746917009    
  0.699418366    
  0.777859569    
  0.639338017    
  0.853164256    
  0.463517547    
  0.920075417    
  0.272085577    
  0.732803583    
  0.724469244    
  0.738570213    
  0.714411736    
  0.754902124    
  0.684592128    
  0.798925281    
  0.594381630    
  0.892040789    
  0.356324881    
  0.848622561    
  0.475310564    
  0.922744632    
  0.263761818    
  0.718508661    
  0.748339653    
  0.696811438    
  0.781681418    
  0.631425619    
  0.861091077    
  0.442568988    
  0.912796199    
  0.294517398    
  0.768774569    
  0.657712877    
  0.832968652    
  0.514787972    
  0.924190879    
  0.259229779    
  0.710509896    
  0.761036694    
  0.672881424    
  0.814414442    
  0.559231162    
  0.912019134    
  0.296888888    
  0.772359788    
  0.650534570    
  0.841155589    
  0.494367599    
  0.924882591    
  0.257056713    
  0.706620634    
  0.767039299    
  0.661153018    
  0.828909934    
  0.524727523    
  0.922737658    
  0.263783634    
  0.718546808    
  0.748277962    
  0.696924806    
  0.781516314    
  0.631769717    
  0.860755980    
  0.443463951    
  0.913173676    
  0.293363810    
  0.767015517    
  0.661200047    
  0.828853846    
  0.524864078    
  0.922712624    
  0.263861954    
  0.718683660    
  0.748056591    
  0.697331309    
  0.780923307    
  0.633003771    
  0.859547019    
  0.446686000    
  0.914483130    
  0.289353818    
  0.760824203    
  0.673291743    
  0.813888907    
  0.560452878    
  0.911478162    
  0.298537165    
  0.774827123    
  0.645539224    
  0.846627891    
  0.480441719    
  0.923584700    
  0.261131227    
  0.713884354    
  0.755737901    
  0.683013082    
  0.801073015    
  0.589613676    
  0.895286739    
  0.346869081    
  0.838238418    
  0.501700640    
  0.924989283    
  0.256721199    
  0.706017077    
  0.767960787    
  0.659328997    
  0.831072807    
  0.519445956    
  0.923600912    
  0.261080384    
  0.713794470    
  0.755880117    
  0.682743847    
  0.801437378    
  0.588801384    
  0.895823002    
  0.345299363    
  0.836450577    
  0.506163776    
  0.924859405    
  0.257129610    
  0.706751704    
  0.766838849    
  0.661549032    
  0.828437090    
  0.525877595    
  0.922522306    
  0.264457136    
  0.719722390    
  0.746371686    
  0.700413644    
  0.776387215    
  0.642357409    
  0.850017130    
  0.471705645    
  0.922037840    
  0.265971035    
  0.722352624    
  0.742069423    
  0.708188891    
  0.764632344    
  0.665887952    
  0.823180377    
  0.538551450    
  0.919501007    
  0.273869962    
  0.735801280    
  0.719271719    
  0.747103691    
  0.699077129    
  0.778362751    
  0.638302445    
  0.854228020    
  0.460733294    
  0.919295073    
  0.274509072    
  0.736869216    
  0.717404008    
  0.750121355    
  0.693525434    
  0.786427259    
  0.621449888    
  0.870424688    
  0.417306542    
  0.899698675    
  0.333891571    
  0.822909534    
  0.539198875    
  0.919314802    
  0.274447858    
  0.736767054    
  0.717583060    
  0.749833167    
  0.694058537    
  0.785662711    
  0.623068213    
  0.868960619    
  0.421311855    
  0.902090251    
  0.326796681    
  0.814002275    
  0.560189486    
  0.911595762    
  0.298179030    
  0.774292707    
  0.646624982    
  0.845454156    
  0.483447284    
  0.923986197    
  0.259872109    
  0.711652815    
  0.759251475    
  0.676318109    
  0.809974134    
  0.569489360    
  0.907133579    
  0.311696321    
  0.793804467    
  0.605612040    
  0.883730590    
  0.380178094    
  0.871878088    
  0.413314760    
  0.897197008    
  0.341267794    
  0.831775129    
  0.517723501    
  0.923837721    
  0.260337859    
  0.712479651    
  0.757953882    
  0.678801239    
  0.806711495    
  0.576933801    
  0.903100371    
  0.323787332    
  0.810111701    
  0.569173753    
  0.907295525    
  0.311208308    
  0.793123484    
  0.607090950    
  0.882566690    
  0.383478075    
  0.874763846    
  0.405342638    
  0.891847968    
  0.356884152    
  0.849216104    
  0.473778009    
  0.922455907    
  0.264664739    
  0.720084071    
  0.745783150    
  0.701485395    
  0.774793446    
  0.645607650    
  0.846554160    
  0.480630815    
  0.923611879    
  0.261045992    
  0.713733673    
  0.755976260    
  0.682561815    
  0.801683426    
  0.588252306    
  0.896182656    
  0.344245404    
  0.835239828    
  0.509172738    
  0.924688697    
  0.257666200    
  0.707715034    
  0.765361547    
  0.664457977    
  0.824928284    
  0.534359932    
  0.920631766    
  0.270354986    
  0.729873776    
  0.729484737    
  0.730145991    
  0.729021490    
  0.730931878    
  0.727680743    
  0.733197510    
  0.723789990    
  0.739696801    
  0.712418139    
  0.758050621    
  0.678616583    
  0.806955636    
  0.576379478    
  0.903414845    
  0.322848916    
  0.808884740    
  0.571983814    
  0.905827820    
  0.315623999    
  0.799220324    
  0.593728602    
  0.892495334    
  0.355005413    
  0.847213387    
  0.478938609    
  0.923358858    
  0.261838943    
  0.715133488    
  0.753755093    
  0.686750948    
  0.795959055    
  0.600910485    
  0.887323201    
  0.369928718    
  0.862401426    
  0.439061254    
  0.911259890    
  0.299201638    
  0.775816143    
  0.643524230    
  0.848782957    
  0.474896669    
  0.922668397    
  0.264000297    
  0.718925297    
  0.747665346    
  0.698048949    
  0.779873431    
  0.635182202    
  0.857385397    
  0.452420026    
  0.916623831    
  0.282770962    
  0.750402749    
  0.693004310    
  0.787172556    
  0.619868159    
  0.871836960    
  0.413427919    
  0.897269487    
  0.341054738    
  0.831524730    
  0.518338025    
  0.923755765    
  0.260594875    
  0.712935209    
  0.757236838    
  0.680168092    
  0.804896057    
  0.581042111    
  0.900699079    
  0.330928922    
  0.819235384    
  0.547928452    
  0.916500628    
  0.283150762    
  0.751012683    
  0.691872776    
  0.788783908    
  0.616434276    
  0.874839306    
  0.405133337    
  0.891701162    
  0.357309729    
  0.849666178    
  0.472614199    
  0.922225177    
  0.265385836    
  0.721337914    
  0.743735254    
  0.705194592    
  0.769212186    
  0.656841755    
  0.833982468    
  0.512286127    
  0.924441516    
  0.258442789    
  0.709105432    
  0.763217211    
  0.668651819    
  0.819759250    
  0.546689868    
  0.916934192    
  0.281813771    
  0.748860717    
  0.695852876    
  0.783074141    
  0.628515422    
  0.863890052    
  0.435060918    
  0.909396827    
  0.304858685    
  0.784103513    
  0.626355231    
  0.865927160    
  0.429560065    
  0.906641424    
  0.313178182    
  0.795861125    
  0.601124942    
  0.887162864    
  0.370388210    
  0.862842917    
  0.437876582    
  0.910720527    
  0.300842017    
  0.778243482    
  0.638548076    
  0.853976429    
  0.461392552    
  0.919485092    
  0.273919344    
  0.735883951    
  0.719127417    
  0.747337699    
  0.698649049    
  0.778992653    
  0.637003481    
  0.855551183    
  0.457258433    
  0.918240666    
  0.277776569    
  0.742281914    
  0.707808018    
  0.765218616    
  0.664738595    
  0.824586391    
  0.535181582    
  0.920420408    
  0.271012723    
  0.730989873    
  0.727581620    
  0.733364463    
  0.723501801    
  0.740173697    
  0.711571395    
  0.759378910    
  0.676073551    
  0.810293019    
  0.568757534    
  0.907507956    
  0.310567886    
  0.792227268    
  0.609031975    
  0.881014585    
  0.387863159    
  0.878473759    
  0.395003170    
  0.884209931    
  0.378816128    
  0.870663524    
  0.416651636    
  0.899296343    
  0.335081011    
  0.824366450    
  0.535709679    
  0.920281887    
  0.271443605    
  0.731719315    
  0.726332784    
  0.735461831    
  0.719863594    
  0.746142030    
  0.700832188    
  0.775765777    
  0.643626988    
  0.848673761    
  0.475178450    
  0.922720313    
  0.263837874    
  0.718641579    
  0.748124719    
  0.697206259    
  0.781105876    
  0.632624149    
  0.859920144    
  0.445692718    
  0.914087713    
  0.290566057    
  0.762708485    
  0.669641733    
  0.818520248    
  0.549615920    
  0.915891528    
  0.285026670    
  0.754009962    
  0.686272085    
  0.796620011    
  0.599461317    
  0.888397515    
  0.366845250    
  0.859398305    
  0.447081596    
  0.914638758    
  0.288876384    
  0.760079205    
  0.674727559    
  0.812040031    
  0.564734757    
  0.909494817    
  0.304561794    
  0.783674419    
  0.627256691    
  0.865081251    
  0.431848019    
  0.907814622    
  0.309642762    
  0.790927231    
  0.611836970    
  0.878722250    
  0.394307017    
  0.883667290    
  0.380357802    
  0.872037232    
  0.412876695    
  0.896915257    
  0.342095643    
  0.832745016    
  0.515338778    
  0.924129486    
  0.259422451    
  0.710853040    
  0.760501683    
  0.673913836    
  0.813089728    
  0.562306881    
  0.910636008    
  0.301098853    
  0.778621852    
  0.637768507    
  0.854773462    
  0.459302425    
  0.918871760    
  0.275821865    
  0.739053428    
  0.713557839    
  0.756254315    
  0.682034791    
  0.802394390    
  0.586663246    
  0.897211075    
  0.341226429    
  0.831726551    
  0.517842770    
  0.923822045    
  0.260387033    
  0.712566793    
  0.757816851    
  0.679062784    
  0.806365073    
  0.577719629    
  0.902650774    
  0.325127721    
  0.811852813    
  0.565166950    
  0.909287155    
  0.305190891    
  0.784582794    
  0.625346780    
  0.866866291    
  0.427013755    
  0.905290127    
  0.317237705    
  0.801412344    
  0.588857234    
  0.895786226    
  0.345407069    
  0.836573839    
  0.505856812    
  0.924873114    
  0.257086486    
  0.706674218    
  0.766957343    
  0.661314964    
  0.828716695    
  0.525197744    
  0.922650814    
  0.264055282    
  0.719021380    
  0.747509658    
  0.698334157    
  0.779455185    
  0.636047781    
  0.856516719    
  0.454714596    
  0.917412162    
  0.280338228    
  0.746470213    
  0.700233996    
  0.776653528    
  0.641812444    
  0.850590169    
  0.470220178    
  0.921718657    
  0.266967505    
  0.724074662    
  0.739225030    
  0.713254154    
  0.756733894    
  0.681124568    
  0.803617418    
  0.583920896    
  0.898941994    
  0.336127549    
  0.825639546    
  0.532647848    
  0.921056271    
  0.269032985    
  0.727620721    
  0.733298600    
  0.723615527    
  0.739985585    
  0.711905599    
  0.758855283    
  0.677077591    
  0.808981001    
  0.571763754    
  0.905944884    
  0.315272391    
  0.798740149    
  0.594790995    
  0.891754270    
  0.357155800    
  0.849503458    
  0.473035127    
  0.922309756    
  0.265121549    
  0.720878839    
  0.744486451    
  0.703837574    
  0.771265924    
  0.652734756    
  0.838686764    
  0.500577748    
  0.924998760    
  0.256691396    
  0.705963433    
  0.768042564    
  0.659166813    
  0.831263900    
  0.518977642    
  0.923667431    
  0.260871857    
  0.713425577    
  0.756463230    
  0.681638479    
  0.802927613    
  0.585468948    
  0.897971749    
  0.338988394    
  0.829078436    
  0.524317324    
  0.922812045    
  0.263550907    
  0.718139768    
  0.748935640    
  0.695714891    
  0.783273995    
  0.628096640    
  0.864287674    
  0.433989644    
  0.908877730    
  0.306430310    
  0.786363840    
  0.621584237    
  0.870303929    
  0.417637497    
  0.899900794    
  0.333293617    
  0.822173238    
  0.540956318    
  0.918793619    
  0.276064038    
  0.739454925    
  0.712846994    
  0.757375777    
  0.679903567    
  0.805248380    
  0.580246687    
  0.901173770    
  0.329520553    
  0.817466021    
  0.552096725    
  0.914958000    
  0.287896484    
  0.758544743    
  0.677672088    
  0.808200717    
  0.573545575    
  0.904986918    
  0.318146706    
  0.802638710    
  0.586116314    
  0.897560716    
  0.340198249    
  0.830514550    
  0.520812511    
  0.923397362    
  0.261718303    
  0.714920819    
  0.754093468    
  0.686115086    
  0.796836376    
  0.598986208    
  0.888746381    
  0.365842134    
  0.858406186    
  0.449716508    
  0.915644825    
  0.285785705    
  0.755215347    
  0.684000969    
  0.799731493    
  0.592595816    
  0.893276274    
  0.352734983    
  0.844758153    
  0.485224724    
  0.924192250    
  0.259225458    
  0.710502207    
  0.761048615    
  0.672858357    
  0.814443946    
  0.559162557    
  0.912049294    
  0.296796918    
  0.772221446    
  0.650813341    
  0.840844691    
  0.495152146    
  0.924913108    
  0.256960750    
  0.706448078    
  0.767303050    
  0.660631597    
  0.829530716    
  0.523215175    
  0.923005939    
  0.262944102    
  0.717076659    
  0.750647604    
  0.692550421    
  0.787820041    
  0.618490636    
  0.873051941    
  0.410079330    
  0.895082772    
  0.347465515    
  0.838913023    
  0.500010431    
  0.925000012    
  0.256687462    
  0.705956340    
  0.768053353    
  0.659145355    
  0.831289172    
  0.518915713    
  0.923676133    
  0.260844588    
  0.713377357    
  0.756539404    
  0.681493878    
  0.803121865    
  0.585033417    
  0.898246527    
  0.338178903    
  0.828111589    
  0.526668310    
  0.922368586    
  0.264937669    
  0.720559120    
  0.745008588    
  0.702891886    
  0.772689044    
  0.649870515    
  0.841893673    
  0.492502272    
  0.924792051    
  0.257341325    
  0.707132041    
  0.766256392    
  0.662697852    
  0.827058792    
  0.529220402    
  0.921840787    
  0.266586304    
  0.723416746    
  0.740314364    
  0.711321354    
  0.759770155    
  0.675322056    
  0.811270058    
  0.566510499    
  0.908632517    
  0.307172030    
  0.787424207    
  0.619333088    
  0.872310579    
  0.412123859    
  0.896427870    
  0.343526304    
  0.834409177    
  0.511230826    
  0.924533367    
  0.258154273    
  0.708589375    
  0.764014721    
  0.667096019    
  0.821691990    
  0.542102754    
  0.918441236    
  0.277155668    
  0.741259515    
  0.709637225    
  0.762393296    
  0.670254111    
  0.817750096    
  0.551429033    
  0.915213704    
  0.287111044    
  0.757309735    
  0.680029273    
  0.805081010    
  0.580624640    
  0.900948763    
  0.330188334    
  0.818306804    
  0.550118864    
  0.915705919    
  0.285597771    
  0.754917204    
  0.684563696    
  0.798964143    
  0.594295681    
  0.892100811    
  0.356150746    
  0.848437309    
  0.475788355    
  0.922831059    
  0.263491422    
  0.718035698    
  0.749103606    
  0.695405364    
  0.783721983    
  0.627156794    
  0.865175247    
  0.431594044    
  0.907686353    
  0.310029805    
  0.791471958    
  0.610663176    
  0.879688561    
  0.391595423    
  0.881519258    
  0.386439294    
  0.877284646    
  0.398328304    
  0.886752605    
  0.371562958    
  0.863964498    
  0.434860408    
  0.909300268    
  0.305151194    
  0.784525573    
  0.625467241    
  0.866754472    
  0.427317291    
  0.905453801    
  0.316746712    
  0.800747454    
  0.590338588    
  0.894804060    
  0.348280102    
  0.839830041    
  0.497707486    
  0.924980521    
  0.256748766    
  0.706066668    
  0.767885208    
  0.659478843    
  0.830896080    
  0.519878805    
  0.923537850    
  0.261278063    
  0.714143872    
  0.755326867    
  0.683790326    
  0.800018132    
  0.591959715    
  0.893710613    
  0.351470232    
  0.843373954    
  0.488749027    
  0.924531639    
  0.258159697    
  0.708599091    
  0.763999760    
  0.667125285    
  0.821655810    
  0.542188883    
  0.918414414    
  0.277238697    
  0.741396368    
  0.709392846    
  0.762772143    
  0.669517994    
  0.818675578    
  0.549249768    
  0.916025519    
  0.284614235    
  0.753353238    
